Venezuela America 11 1 2000 3000 2000 3000
Bolivia America 20 12 2000 3000 2000 3000
Peru America 1 1 2000 3000 2000 3000
Argentina 2 2 2000 3000 2000 3000
Uruguay 3 3 2000 3000 2000 3000
Paraguay 8 8 2000 3000 2000 3000
Colombia 7 7 2000 3000 2000 3000
España 5 5 2000 3000 2000 3000
Paris 10 10 2000 3000 2000 3000
Italia 11 11 2000 3000 2000 3000
Portugal 3 8 2000 3000 2000 3000
Mexico 2 2 2000 3000 2000 3000
Panama 1 1 2000 3000 2000 3000
China 2 10 2000 3000 2000 3000
Japon 2 11 2000 3000 2000 3000
Rusia 2 11 2000 3000 2000 3000
Canada 2 11 2000 3000 2000 3000
Brasil 2 11 2000 3000 2000 3000
Chile 2 11 2000 3000 2000 3000
Inglaterra 2 12 2000 3000 2000 3000